1000 400
0 3 590 26 343 122 463 136
1 4 873 36 438 46 48 66 630 152
2 3 187 80 832 120 448 133
3 3 268 85 997 148 381 175
4 5 312 17 147 102 532 85 526 89 76 112
5 5 575 93 554 121 428 107 928 147 53 158
6 3 655 42 621 122 856 110
7 3 732 44 257 57 322 122
8 3 606 55 332 111 105 59
9 3 726 152 130 159 37 195
10 4 149 108 319 113 250 114 229 139
11 5 713 65 308 85 836 119 780 127 204 149
12 4 283 125 841 130 625 134 830 135
13 3 760 49 137 121 522 84
14 3 971 58 264 89 528 169
15 5 96 26 623 99 705 110 977 115 737 161
16 6 898 42 473 47 113 115 844 64 212 75 874 150
17 4 671 53 61 66 521 83 727 91
18 4 557 44 40 74 554 90 246 76
19 5 349 58 899 87 348 128 396 99 342 115
20 3 395 57 468 124 958 134
21 3 819 135 679 189 121 259
22 3 647 118 635 183 251 209
23 3 541 90 90 102 450 117
24 4 536 96 376 152 175 139 141 157
25 3 627 61 285 108 660 137
26 3 231 20 814 59 676 91
27 4 635 43 752 112 939 179 251 211
28 3 437 32 411 75 413 61
29 4 79 52 801 61 876 90 762 119
30 3 994 103 213 189 217 148
31 3 301 85 77 94 201 94
32 3 44 60 516 148 151 106
33 6 377 31 399 98 551 124 97 59 350 174 529 188
34 4 45 92 483 120 117 145 240 148
35 4 945 38 978 130 608 172 626 182
36 6 331 57 883 102 447 116 266 59 291 113 233 143
37 4 516 57 960 73 612 144 9 195
38 3 515 51 501 75 365 96
39 3 181 31 41 48 454 122
40 5 246 8 18 74 964 96 467 118 557 118
41 3 39 48 740 87 181 65
42 4 885 136 102 140 489 146 270 162
43 4 327 38 845 95 207 88 311 99
44 3 32 60 151 94 516 160
45 4 34 92 932 102 82 124 117 103
46 3 569 83 499 111 158 202
47 5 317 20 99 106 513 133 796 166 798 183
48 5 391 26 438 26 873 64 1 66 871 99
49 4 763 36 387 97 129 147 274 162
50 3 956 53 374 92 831 110
51 4 102 79 137 140 206 142 739 144
52 3 431 48 646 50 920 106
53 3 487 115 554 139 5 158
54 3 887 29 207 97 962 139
55 3 340 61 818 93 894 105
56 3 335 88 735 90 527 114
57 4 834 66 472 109 905 78 195 117
58 3 109 123 990 133 544 131
59 4 98 39 835 60 533 104 789 81
60 3 555 49 588 127 397 104
61 4 17 66 671 93 727 93 645 179
62 3 610 39 508 55 382 74
63 3 553 34 345 39 639 135
64 3 750 6 78 85 276 98
65 4 851 36 707 58 880 59 826 93
66 3 128 44 903 127 974 72
67 5 700 58 600 90 392 103 453 149 904 93
68 4 778 71 267 77 833 78 108 82
69 4 757 83 237 98 285 113 866 151
70 3 457 89 872 112 652 156
71 4 823 4 649 46 444 86 243 105
72 3 80 95 488 149 543 100
73 5 810 57 561 84 838 96 363 98 523 147
74 3 432 57 718 89 542 101
75 4 574 104 586 117 981 112 211 119
76 6 147 90 4 112 312 113 852 117 174 125 526 129
77 3 31 94 850 134 505 155
78 4 310 68 276 69 64 85 750 87
79 3 29 52 801 113 762 135
80 4 774 27 543 31 72 95 922 69
81 3 859 45 260 67 362 147
82 3 353 81 45 124 203 127
83 4 343 51 676 56 231 77 596 132
84 3 927 38 495 65 408 102
85 3 698 31 358 41 853 120
86 5 424 67 316 116 962 124 845 67 910 118
87 5 931 56 591 69 918 70 968 89 781 98
88 5 194 62 604 83 242 92 815 124 597 164
89 3 477 60 423 67 229 160
90 3 23 102 515 119 288 126
91 3 511 85 568 86 906 141
92 3 567 92 779 115 872 158
93 3 292 52 451 100 459 54
94 3 902 62 120 66 811 71
95 3 474 72 817 76 375 114
96 4 15 26 977 89 518 110 623 111
97 3 111 32 377 42 33 59
98 6 59 39 829 54 580 58 662 97 835 99 533 111
99 4 796 92 47 106 436 145 317 116
100 3 491 99 958 117 305 134
101 5 286 75 237 101 241 111 961 144 487 163
102 3 51 79 42 140 885 148
103 5 699 72 328 112 715 84 745 134 952 143
104 4 755 39 505 46 188 50 440 69
105 3 606 22 200 111 8 59
106 4 458 19 440 49 150 50 258 86
107 5 214 68 570 114 300 89 545 126 808 127
108 5 267 43 380 115 68 82 480 90 514 107
109 4 677 36 657 122 58 123 544 82
110 4 998 63 890 71 225 94 650 89
111 4 377 10 97 32 351 86 984 107
112 3 982 49 641 60 816 61
113 3 16 115 898 115 473 136
114 3 118 39 389 46 416 55
115 3 849 67 559 89 497 88
116 4 640 40 336 118 172 122 629 166
117 5 932 79 191 98 45 103 483 109 34 145
118 4 114 39 416 54 389 47 669 168
119 3 131 37 471 123 973 165
120 3 888 55 94 66 902 68
121 6 679 106 485 163 819 128 695 173 966 175 21 259
122 3 357 106 371 129 835 164
123 3 415 91 290 109 629 144
124 4 946 49 912 87 986 94 581 124
125 3 939 35 714 141 752 144
126 3 940 72 402 133 464 174
127 3 227 50 903 130 900 84
128 3 974 36 66 44 903 171
129 4 154 52 387 96 763 111 49 147
130 3 213 140 726 155 9 159
131 3 119 37 471 88 621 136
132 3 816 82 728 83 982 94
133 4 471 114 566 122 621 120 431 125
134 3 745 82 243 98 715 132
135 3 435 85 959 90 928 145
136 4 153 91 757 128 285 146 627 163
137 3 477 107 13 121 51 140
138 3 804 54 355 59 588 135
139 3 200 106 324 138 868 154
140 4 238 69 215 106 189 144 360 146
141 3 176 101 376 145 24 157
142 4 846 121 557 140 484 137 799 137
143 3 878 100 586 148 390 149
144 4 185 44 934 93 634 59 461 165
145 3 208 62 930 85 666 142
146 3 245 47 449 120 512 132
147 4 852 55 76 90 4 102 174 99
148 4 567 102 359 112 805 134 802 177
149 3 537 62 738 96 10 108
150 3 458 37 505 48 106 50
151 3 44 94 32 106 274 251
152 4 195 72 472 80 582 141 792 84
153 4 136 91 961 103 757 167 344 175
154 3 129 52 387 102 911 112
155 3 657 112 677 140 544 146
156 3 711 41 404 42 558 44
157 3 247 28 942 52 216 75
158 3 386 135 786 159 46 202
159 4 717 37 999 42 965 88 165 43
160 4 519 17 690 24 730 34 733 38
161 3 212 54 861 68 297 72
162 3 604 39 664 110 374 112
163 5 638 47 633 62 783 125 375 64 747 66
164 3 334 61 644 93 306 73
165 5 717 8 923 30 159 43 288 45 614 100
166 3 941 30 189 145 691 105
167 3 564 51 710 56 891 105
168 3 962 85 546 115 718 174
169 4 329 41 530 93 871 105 493 133
170 3 366 133 645 173 959 173
171 3 869 125 297 158 223 169
172 4 336 82 396 97 640 82 116 122
173 4 668 14 429 18 594 67 314 106
174 3 852 86 147 99 76 125
175 5 549 76 220 83 617 94 536 123 24 139
176 3 484 76 141 101 390 81
177 5 816 66 824 152 982 74 641 75 970 157
178 3 847 36 263 144 670 193
179 4 746 27 441 39 605 66 622 38
180 3 469 35 569 148 917 157
181 3 39 31 454 91 41 65
182 4 594 69 314 72 533 135 190 103
183 3 453 41 497 51 849 94
184 4 261 68 398 110 430 109 651 134
185 6 634 17 665 25 460 38 144 44 553 55 782 63
186 3 637 71 365 80 261 98
187 3 832 70 2 80 448 107
188 3 755 21 495 95 104 50
189 4 215 50 680 94 166 145 140 144
190 3 314 69 848 101 182 103
191 3 483 49 117 98 574 49
192 3 770 14 486 98 434 129
193 4 410 33 379 35 219 59 525 103
194 5 242 30 88 62 854 142 815 62 604 137
195 4 792 14 152 72 57 117 472 152
196 4 461 64 782 102 665 136 354 209
197 4 413 60 467 79 437 67 411 90
198 3 704 83 208 131 255 104
199 3 897 83 494 128 425 129
200 5 324 88 139 106 105 111 875 133 606 115
201 3 301 31 942 111 31 94
202 3 647 203 617 211 251 220
203 4 353 90 931 92 938 107 82 127
204 4 780 34 308 126 11 149 836 158
205 3 996 29 564 88 370 122
206 3 739 52 248 121 51 142
207 5 327 82 54 97 43 88 887 98 962 134
208 3 145 62 198 131 930 101
209 3 253 66 722 87 589 143
210 3 322 100 938 110 607 155
211 3 586 72 799 94 75 119
212 5 161 54 473 54 16 75 898 75 573 83
213 3 130 140 30 189 895 195
214 3 107 68 860 82 300 89
215 3 189 50 140 106 680 144
216 4 247 71 293 87 311 89 157 75
217 5 445 36 222 65 994 137 466 77 30 148
218 3 256 11 601 28 520 33
219 3 947 36 193 59 379 64
220 4 549 67 175 83 617 121 940 198
221 3 702 5 517 65 417 105
222 3 466 22 217 65 445 101
223 4 630 18 861 149 869 64 171 169
224 3 500 85 935 148 941 160
225 3 307 86 110 94 820 112
226 3 921 65 375 66 638 69
227 4 900 48 127 50 667 115 607 122
228 3 803 75 609 92 394 87
229 5 423 93 319 96 10 139 976 157 89 160
230 3 658 79 947 133 367 99
231 3 26 20 83 77 814 79
232 3 639 51 765 103 354 191
233 3 447 27 408 114 36 143
234 3 534 36 773 84 401 113
235 3 615 40 434 77 773 83
236 3 925 87 856 98 535 141
237 6 286 34 757 69 69 98 101 101 285 111 241 124
238 4 140 69 360 81 548 113 911 144
239 4 405 65 924 98 793 94 279 142
240 3 496 61 980 126 34 148
241 4 286 98 101 111 237 124 487 140
242 3 194 30 815 32 88 92
243 3 649 79 134 98 71 105
244 4 840 61 405 66 793 73 663 86
245 4 146 47 512 85 449 113 683 140
246 3 40 8 18 76 964 104
247 3 157 28 216 71 942 56
248 3 474 67 206 121 633 115
249 5 313 62 391 73 656 89 916 70 682 114
250 4 319 101 10 114 789 122 371 146
251 3 22 209 27 211 202 220
252 4 678 67 853 67 356 97 489 107
253 3 209 66 722 127 294 138
254 4 993 67 422 83 280 95 854 99
255 4 290 50 794 69 963 90 198 104
256 3 218 11 520 26 601 39
257 3 7 57 732 101 610 152
258 3 884 69 458 83 106 86
259 5 482 38 697 41 706 41 709 59 954 83
260 3 859 64 871 140 81 67
261 6 430 41 184 68 637 87 784 77 186 98 674 103
262 3 418 43 443 114 378 129
263 3 936 18 178 144 776 76
264 5 14 89 528 102 352 139 971 143 325 161
265 3 601 125 860 133 520 132
266 3 331 4 291 60 36 59
267 4 108 43 480 69 68 77 990 87
268 3 3 85 983 100 502 202
269 4 988 47 531 89 524 97 598 100
270 3 298 64 783 64 42 162
271 3 592 60 817 117 506 91
272 4 368 44 791 77 716 79 805 144
273 4 809 78 648 139 303 145 538 153
274 4 790 124 763 156 49 162 151 251
275 4 769 17 370 54 506 54 364 117
276 3 78 69 64 98 310 103
277 3 614 134 443 140 378 143
278 3 636 115 948 124 800 141
279 4 924 48 656 110 239 142 957 157
280 3 254 95 993 136 692 137
281 3 707 75 851 103 880 124
282 3 821 14 884 104 992 115
283 3 12 125 642 159 864 186
284 3 820 80 650 123 307 126
285 5 757 96 25 108 237 111 69 113 136 146
286 4 237 34 101 75 241 98 857 114
287 3 593 107 369 117 771 142
288 5 923 35 337 94 165 45 450 45 90 126
289 4 723 32 397 59 464 117 555 66
290 3 255 50 123 109 794 119
291 3 266 60 331 64 36 113
292 4 459 46 93 52 402 56 488 104
293 3 216 87 664 87 424 102
294 4 577 30 929 82 722 91 253 138
295 3 687 19 913 133 733 179
296 3 920 88 874 107 844 89
297 4 161 72 861 98 473 108 171 158
298 3 270 64 504 114 783 76
299 3 964 63 685 123 451 135
300 4 860 61 545 85 107 89 214 89
301 3 201 31 31 85 942 120
302 4 313 33 530 73 682 75 656 98
303 4 867 68 648 84 417 100 273 145
304 4 613 70 837 90 776 81 955 156
305 5 492 19 908 72 400 73 100 134 338 151
306 3 334 62 922 90 164 73
307 3 225 86 740 153 284 126
308 4 11 85 780 104 713 88 204 126
309 3 460 42 634 63 553 65
310 4 78 68 401 148 276 103 839 145
311 3 327 79 216 89 43 99
312 4 4 17 532 84 526 88 76 113
313 4 302 33 916 54 249 62 682 108
314 3 190 69 182 72 173 106
315 6 766 35 316 64 432 91 527 43 446 57 335 123
316 3 910 60 315 64 86 116
317 3 47 20 99 116 967 146
318 5 465 75 870 86 651 98 790 134 935 145
319 5 229 96 250 101 933 111 10 113 423 119
320 3 983 117 346 172 997 190
321 3 788 69 761 96 583 104
322 3 749 58 210 100 7 122
323 4 969 44 524 50 531 58 560 89
324 5 868 72 200 88 606 125 139 138 759 146
325 3 915 153 264 161 538 171
326 3 974 138 689 141 900 167
327 3 43 38 311 79 207 82
328 3 952 31 103 112 480 171
329 4 169 41 919 90 493 98 725 150
330 3 694 32 744 48 566 62
331 3 266 4 36 57 291 64
332 3 403 22 8 111 753 47
333 4 896 75 560 99 643 117 985 150
334 4 164 61 306 62 822 107 692 125
335 4 56 88 432 106 315 123 550 152
336 4 640 78 172 82 603 126 116 118
337 3 989 27 501 53 288 94
338 3 858 72 492 150 305 151
339 3 696 89 721 115 385 139
340 3 55 61 818 150 894 162
341 3 800 94 360 126 948 111
342 4 643 104 349 107 19 115 995 163
343 4 83 51 590 96 676 81 0 122
344 3 537 165 153 175 981 195
345 4 63 39 553 73 460 90 672 114
346 3 518 88 320 172 889 134
347 4 827 92 625 143 839 143 863 148
348 4 963 121 19 128 349 140 995 164
349 4 19 58 342 107 899 111 348 140
350 3 529 14 399 76 33 174
351 3 984 85 111 86 785 91
352 6 611 39 528 59 813 103 654 104 503 137 264 139
353 3 82 81 203 90 781 140
354 3 232 191 765 200 196 209
355 3 138 59 943 125 804 113
356 4 678 36 951 60 489 102 252 97
357 3 122 106 968 145 781 182
358 3 698 38 853 79 85 41
359 6 872 90 457 93 148 112 540 116 567 116 479 149
360 3 238 81 341 126 140 146
361 3 659 26 602 34 603 104
362 4 578 42 862 63 385 80 81 147
363 4 523 61 907 89 653 96 73 98
364 3 370 63 275 117 769 122
365 4 501 67 186 80 637 91 38 96
366 3 435 117 170 133 959 120
367 3 658 76 230 99 462 118
368 3 272 44 791 79 542 109
369 3 701 41 287 117 771 63
370 5 275 54 364 63 996 101 769 59 205 122
371 3 738 128 122 129 250 146
372 3 689 129 894 184 848 208
373 3 579 85 681 135 552 108
374 4 50 92 664 92 956 103 162 112
375 5 633 46 817 92 163 64 226 66 95 114
376 4 980 103 141 145 24 152 724 111
377 3 111 10 33 31 97 42
378 5 443 15 398 132 418 114 262 129 277 143
379 4 193 35 639 48 219 64 410 68
380 3 108 115 599 115 686 125
381 4 406 119 683 141 3 175 997 185
382 4 508 35 903 99 62 74 610 93
383 4 733 24 519 25 913 116 991 153
384 4 456 57 768 59 929 96 587 132
385 5 721 28 578 56 362 80 696 96 339 139
386 3 499 122 786 134 158 135
387 5 763 61 742 93 129 96 49 97 154 102
388 3 800 89 785 115 948 106
389 3 114 46 609 142 118 47
390 4 878 49 484 79 176 81 143 149
391 3 48 26 249 73 438 46
392 3 67 103 700 109 481 149
393 3 937 149 568 151 764 163
394 4 891 64 710 83 228 87 775 121
395 3 20 57 468 67 958 133
396 3 899 56 172 97 19 99
397 4 289 59 555 67 723 91 60 104
398 3 651 108 184 110 378 132
399 3 350 76 33 98 529 90
400 4 908 61 973 126 305 73 492 74
401 4 559 71 534 77 310 148 234 113
402 4 292 56 126 133 459 74 940 149
403 3 332 22 753 35 761 112
404 5 558 16 156 42 711 81 672 96 454 104
405 4 793 29 239 65 244 66 840 127
406 3 683 50 381 119 512 157
407 4 787 27 594 61 429 92 673 148
408 5 495 57 927 64 233 114 84 102 447 125
409 3 754 26 740 75 632 31
410 5 193 33 525 70 379 68 947 70 765 120
411 3 28 75 197 90 437 107
412 3 892 52 906 78 511 110
413 5 437 29 451 59 197 60 28 61 467 93
414 3 957 92 868 138 759 160
415 3 123 91 629 157 666 179
416 5 118 54 679 95 669 152 114 55 819 127
417 4 648 30 221 105 303 100 702 110
418 3 262 43 443 99 378 114
419 3 987 73 767 121 977 124
420 4 427 55 571 63 535 150 502 170
421 4 729 23 631 139 481 109 556 198
422 3 254 83 541 129 692 135
423 3 89 67 229 93 319 119
424 3 845 50 86 67 293 102
425 4 494 83 901 146 825 96 199 129
426 3 618 51 857 61 855 76
427 3 571 46 420 55 535 115
428 3 575 14 5 107 554 140
429 5 173 18 668 18 594 63 787 65 407 92
430 5 261 41 784 42 674 64 588 101 184 109
431 3 52 48 646 84 133 125
432 4 74 57 315 91 335 106 910 123
433 3 975 114 775 124 747 133
434 4 235 77 192 129 615 105 770 131
435 3 135 85 915 104 366 117
436 3 798 40 99 145 642 122
437 5 413 29 28 32 197 67 451 88 411 107
438 4 48 26 873 44 1 46 391 46
439 3 867 98 953 122 699 146
440 3 106 49 458 68 104 69
441 5 179 39 746 40 622 77 455 118 751 126
442 4 652 64 562 85 457 173 547 185
443 4 378 15 418 99 262 114 277 140
444 3 814 82 823 82 71 86
445 4 217 36 222 101 466 113 994 171
446 3 766 22 527 46 315 57
447 4 233 27 36 116 408 125 883 146
448 4 187 107 893 115 832 129 2 133
449 4 828 104 245 113 512 118 146 120
450 3 923 42 23 117 288 45
451 4 413 59 93 100 437 88 299 135
452 3 748 117 565 140 777 145
453 3 183 41 67 149 497 86
454 4 930 74 181 91 404 104 39 122
455 3 751 14 605 91 441 118
456 3 384 57 929 61 587 111
457 6 70 89 540 89 359 93 652 109 872 117 442 173
458 5 106 19 150 37 505 47 258 83 440 68
459 4 292 46 488 86 93 54 402 74
460 4 185 38 309 42 634 47 345 90
461 3 196 64 782 144 144 165
462 4 616 74 658 86 507 80 367 118
463 4 577 75 929 77 590 110 0 136
464 4 289 117 723 123 515 154 126 174
465 3 318 75 790 143 651 157
466 3 222 22 217 77 445 113
467 3 197 79 40 118 413 93
468 3 395 67 973 130 20 124
469 3 180 35 569 183 917 190
470 3 865 10 644 63 572 100
471 4 621 48 131 88 133 114 119 123
472 3 152 80 57 109 195 152
473 5 16 47 212 54 898 89 297 108 113 136
474 3 248 67 95 72 976 124
475 3 550 64 735 150 691 152
476 3 714 56 949 66 749 145
477 3 89 60 137 107 739 133
478 3 753 92 546 93 761 113
479 4 875 105 540 121 359 149 805 151
480 5 514 53 267 69 108 90 328 171 952 178
481 4 729 86 914 94 421 109 392 149
482 3 259 38 709 55 697 53
483 4 574 44 191 49 117 109 34 120
484 4 176 76 390 79 586 116 142 137
485 3 966 82 121 163 695 110
486 3 836 72 192 98 770 112
487 3 53 115 241 140 101 163
488 3 459 86 72 149 292 104
489 4 356 102 252 107 678 114 42 146
490 3 584 35 841 53 847 81
491 4 958 80 795 98 100 99 926 121
492 4 305 19 908 53 400 74 338 150
493 3 725 58 329 98 169 133
494 4 825 29 425 83 199 128 712 151
495 4 408 57 188 95 84 65 927 93
496 4 240 61 980 85 907 99 509 98
497 4 183 51 849 77 453 86 115 88
498 3 926 32 958 95 795 105
499 4 46 111 386 122 719 156 569 164
500 3 935 63 224 85 870 122
501 5 337 53 365 67 38 75 989 54 515 80
502 4 777 55 925 146 420 170 268 202
503 3 654 33 611 98 352 137
504 3 951 28 972 51 298 114
505 5 850 43 458 47 104 46 150 48 77 155
506 4 275 54 592 61 769 71 271 91
507 3 616 50 666 61 462 80
508 3 382 35 62 55 610 94
509 4 772 36 980 39 496 98 724 117
510 5 684 64 641 79 886 90 824 154 970 159
511 4 906 56 91 85 568 57 412 110
512 6 245 85 828 92 683 135 449 118 146 132 406 157
513 4 967 35 599 116 47 133 686 154
514 3 480 53 954 106 108 107
515 5 38 51 501 80 989 88 90 119 464 154
516 4 37 57 32 148 612 87 44 160
517 3 221 65 915 134 702 68
518 4 705 66 346 88 987 98 96 110
519 3 160 17 383 25 690 37
520 4 256 26 532 114 218 33 265 132
521 3 855 42 17 83 618 67
522 4 760 47 673 119 13 84 885 224
523 3 363 61 653 101 73 147
524 5 531 32 323 50 743 79 969 94 269 97
525 4 410 70 719 98 193 103 765 116
526 3 312 88 4 89 76 129
527 4 766 24 315 43 446 46 56 114
528 4 352 59 264 102 611 64 14 169
529 3 350 14 399 90 33 188
530 3 302 73 919 76 169 93
531 4 524 32 743 71 323 58 269 89
532 3 312 84 520 114 4 85
533 3 59 104 182 135 98 111
534 3 234 36 401 77 773 88
535 5 874 55 427 115 236 141 420 150 571 161
536 3 617 85 24 96 175 123
537 3 149 62 981 110 344 165
538 4 809 93 273 153 758 164 325 171
539 3 704 38 734 114 794 48
540 4 457 89 479 121 359 116 875 138
541 4 23 90 692 92 422 129 822 104
542 5 791 30 74 101 716 56 368 109 718 120
543 3 80 31 774 58 72 100
544 4 677 46 109 82 58 131 155 146
545 3 300 85 107 126 860 142
546 3 478 93 168 115 761 98
547 3 562 100 442 185 875 185
548 3 238 113 593 132 620 151
549 3 220 67 175 76 617 82
550 3 475 64 735 86 335 152
551 3 771 55 701 57 33 124
552 4 579 37 373 108 681 137 807 240
553 5 63 34 634 38 185 55 309 65 345 73
554 5 18 90 5 121 53 139 428 140 575 154
555 4 60 49 723 60 289 66 397 67
556 3 631 115 937 139 421 198
557 3 18 44 142 140 40 118
558 3 404 16 672 94 156 44
559 3 401 71 115 89 773 102
560 3 969 45 333 99 323 89
561 3 73 84 838 96 907 101
562 3 442 85 547 100 652 139
563 3 806 59 963 90 585 60
564 4 167 51 205 88 710 93 996 109
565 3 703 125 452 140 986 146
566 4 694 54 973 98 133 122 330 62
567 4 92 92 148 102 359 116 779 153
568 4 906 55 511 57 91 86 393 151
569 4 46 83 180 148 499 164 469 183
570 4 855 53 866 111 107 114 808 119
571 3 427 46 420 63 535 161
572 3 865 96 470 100 644 117
573 3 834 40 844 56 212 83
574 4 483 44 75 104 191 49 981 110
575 4 428 14 5 93 554 154 959 169
576 3 708 55 696 145 582 152
577 3 294 30 463 75 929 92
578 5 362 42 862 45 385 56 721 80 992 98
579 3 552 37 373 85 647 135
580 3 662 39 98 58 829 82
581 3 909 55 124 124 912 129
582 3 708 97 152 141 576 152
583 3 919 43 788 59 321 104
584 3 490 35 750 92 841 88
585 3 806 9 563 60 794 95
586 5 878 66 211 72 75 117 484 116 143 148
587 3 456 111 384 132 768 165
588 5 674 37 60 127 430 101 138 135 804 137
589 3 722 138 209 143 734 157
590 3 0 26 343 96 463 110
591 3 918 13 87 69 881 103
592 3 271 60 506 61 769 76
593 4 287 107 620 133 548 132 944 185
594 6 787 46 668 53 182 69 407 61 429 63 173 67
595 3 877 34 661 103 828 116
596 3 863 81 676 102 83 132
597 3 965 103 831 158 88 164
598 3 743 50 988 53 269 100
599 4 380 115 513 116 967 123 686 130
600 3 904 53 67 90 700 130
601 3 218 28 265 125 256 39
602 4 361 34 659 60 803 93 603 106
603 3 361 104 336 126 602 106
604 3 162 39 88 83 194 137
605 4 179 66 455 91 622 88 751 105
606 4 105 22 8 55 200 115 324 125
607 5 667 53 881 62 227 122 732 141 210 155
608 4 684 90 945 134 641 139 35 172
609 4 228 92 775 112 389 142 669 181
610 4 62 39 382 93 508 94 257 152
611 4 352 39 654 65 528 64 503 98
612 4 960 81 516 87 943 123 37 144
613 4 776 27 304 70 936 91 837 94
614 3 999 61 277 134 165 100
615 3 235 40 434 105 773 123
616 4 507 50 462 74 666 69 897 115
617 5 549 82 536 85 175 94 220 121 202 211
618 4 426 51 855 63 521 67 857 112
619 3 626 195 623 232 737 272
620 4 593 133 944 138 548 151 742 153
621 4 471 48 6 122 133 120 131 136
622 5 746 37 179 38 914 58 441 77 605 88
623 5 15 99 96 111 977 118 737 162 619 232
624 4 812 8 946 80 797 36 675 117
625 3 827 115 12 134 347 143
626 3 945 144 619 195 35 182
627 3 25 61 660 76 136 163
628 3 720 56 825 88 786 111
629 3 123 144 415 157 116 166
630 3 223 18 869 46 1 152
631 4 556 115 421 139 729 150 937 204
632 4 754 29 409 31 801 59 876 72
633 4 375 46 163 62 817 94 248 115
634 6 185 17 553 38 665 40 460 47 144 59 309 63
635 3 27 43 752 69 22 183
636 3 278 115 652 167 826 167
637 3 186 71 261 87 365 91
638 4 747 23 163 47 921 62 226 69
639 3 379 48 232 51 63 135
640 3 116 40 336 78 172 82
641 5 112 60 510 79 177 75 684 113 608 139
642 4 798 82 436 122 283 159 670 207
643 5 896 72 342 104 995 137 985 109 333 117
644 4 470 63 164 93 865 73 572 117
645 3 170 173 61 179 857 191
646 3 52 50 920 70 431 84
647 3 22 118 579 135 202 203
648 4 417 30 303 84 273 139 867 106
649 3 823 44 243 79 71 46
650 5 890 42 820 89 110 89 998 108 284 123
651 4 318 98 398 108 184 134 465 157
652 5 442 64 457 109 562 139 70 156 636 167
653 3 363 96 810 99 523 101
654 3 503 33 611 65 352 104
655 3 6 42 856 68 748 96
656 4 924 84 249 89 302 98 279 110
657 4 155 112 883 114 109 122 677 126
658 3 367 76 230 79 462 86
659 3 361 26 803 33 602 60
660 3 627 76 976 114 25 137
661 4 828 63 767 72 595 103 877 133
662 3 580 39 98 97 829 121
663 3 840 37 244 86 793 127
664 3 293 87 374 92 162 110
665 4 185 25 782 38 634 40 196 136
666 5 507 61 897 104 616 69 145 142 415 179
667 4 881 49 607 53 900 81 227 115
668 3 173 14 594 53 429 18
669 3 416 152 118 168 609 181
670 3 178 193 642 207 687 208
671 3 727 38 17 53 61 93
672 3 558 94 404 96 345 114
673 3 522 119 407 148 760 154
674 3 588 37 430 64 261 103
675 3 730 112 624 117 812 119
676 4 83 56 596 102 343 81 26 91
677 4 109 36 544 46 657 126 155 140
678 5 356 36 252 67 951 96 972 97 489 114
679 4 819 58 416 95 121 106 21 189
680 3 189 94 779 108 215 144
681 4 807 117 373 135 552 137 895 164
682 3 302 75 313 108 249 114
683 4 406 50 512 135 245 140 381 141
684 4 510 64 608 90 641 113 886 122
685 3 928 118 299 123 964 136
686 3 380 125 599 130 513 154
687 4 295 19 913 152 733 198 670 208
688 3 832 51 827 103 814 130
689 3 372 129 326 141 974 203
690 3 160 24 733 26 519 37
691 3 941 85 166 105 475 152
692 5 822 66 541 92 334 125 422 135 280 137
693 3 756 84 843 104 882 110
694 3 330 32 566 54 744 56
695 3 966 28 485 110 121 173
696 5 721 72 339 89 385 96 576 145 708 146
697 4 259 41 482 53 709 74 706 78
698 3 85 31 358 38 853 101
699 4 715 44 103 72 953 76 439 146
700 5 67 58 914 118 392 109 600 130 904 133
701 3 369 41 551 57 771 104
702 3 221 5 517 68 417 110
703 4 986 33 741 73 912 76 565 125
704 4 539 38 794 42 198 83 734 144
705 4 518 66 15 110 889 114 737 127
706 3 259 41 954 46 697 78
707 4 851 28 281 75 880 49 65 58
708 3 576 55 582 97 696 146
709 3 482 55 259 59 697 74
710 4 167 56 891 63 394 83 564 93
711 3 156 41 934 94 404 81
712 3 950 104 494 151 825 162
713 4 979 53 11 65 764 69 308 88
714 4 476 56 125 141 949 122 939 148
715 5 699 44 953 64 745 92 103 84 134 132
716 4 791 44 802 144 542 56 272 79
717 5 165 8 923 22 159 37 999 57 965 121
718 4 74 89 542 120 791 142 168 174
719 4 525 98 499 156 765 158 917 159
720 3 628 56 786 111 825 144
721 5 385 28 696 72 578 80 339 115 859 186
722 5 768 82 209 87 589 138 294 91 253 127
723 4 289 32 555 60 397 91 464 123
724 3 772 103 376 111 509 117
725 3 493 58 329 150 788 154
726 3 960 148 9 152 130 155
727 3 671 38 17 91 61 93
728 3 132 83 816 165 982 177
729 3 421 23 481 86 631 150
730 4 160 34 797 63 675 112 812 63
731 3 758 66 809 157 736 115
732 3 7 44 257 101 607 141
733 5 383 24 690 26 160 38 295 179 687 198
734 4 539 114 704 144 794 146 589 157
735 3 550 86 56 90 475 150
736 5 813 59 758 73 843 82 756 104 731 115
737 4 705 127 15 161 623 162 619 272
738 3 149 96 932 96 371 128
739 3 206 52 477 133 51 144
740 3 409 75 41 87 307 153
741 3 703 73 889 77 986 84
742 4 911 47 387 93 620 153 944 239
743 4 598 50 531 71 988 57 524 79
744 3 330 48 792 117 694 56
745 3 134 82 715 92 103 134
746 4 179 27 622 37 914 53 441 40
747 4 638 23 921 39 163 66 433 133
748 5 655 96 909 116 452 117 856 98 925 131
749 3 322 58 949 93 476 145
750 3 64 6 584 92 78 87
751 3 455 14 605 105 441 126
752 4 635 69 939 137 27 112 125 144
753 4 403 35 761 87 478 92 332 47
754 3 409 26 632 29 801 58
755 3 188 21 850 30 104 39
756 4 693 84 843 98 736 104 882 104
757 5 237 69 69 83 285 96 136 128 153 167
758 4 731 66 736 73 813 108 538 164
759 4 868 130 324 146 414 160 957 196
760 3 522 47 13 49 673 154
761 5 753 87 321 96 546 98 403 112 478 113
762 3 801 112 29 119 79 135
763 4 49 36 387 61 129 111 274 156
764 4 979 34 892 77 713 69 393 163
765 5 232 103 525 116 410 120 719 158 354 200
766 3 446 22 527 24 315 35
767 3 661 72 419 121 828 113
768 4 384 59 722 82 929 77 587 165
769 5 275 17 370 59 506 71 592 76 364 122
770 3 192 14 486 112 434 131
771 4 551 55 369 63 701 104 287 142
772 3 509 36 724 103 980 47
773 5 235 83 234 84 534 88 559 102 615 123
774 3 80 27 922 44 543 58
775 4 609 112 433 124 394 121 975 130
776 4 613 27 936 64 263 76 304 81
777 3 502 55 925 91 452 145
778 3 833 61 68 71 990 95
779 3 680 108 92 115 567 153
780 3 204 34 308 104 11 127
781 5 968 37 931 42 87 98 353 140 357 182
782 4 665 38 196 102 185 63 461 144
783 3 270 64 163 125 298 76
784 3 430 42 943 118 261 77
785 4 984 6 826 111 388 115 351 91
786 4 628 111 386 134 720 111 158 159
787 3 407 27 594 46 429 65
788 4 583 59 321 69 919 102 725 154
789 4 933 34 829 60 59 81 250 122
790 3 274 124 318 134 465 143
791 6 542 30 716 44 272 77 368 79 718 142 802 178
792 3 195 14 744 117 152 84
793 4 405 29 244 73 239 94 663 127
794 6 704 42 255 69 539 48 585 95 290 119 734 146
795 3 491 98 967 135 498 105
796 3 99 92 864 160 47 166
797 3 812 34 730 63 624 36
798 3 436 40 642 82 47 183
799 4 211 94 846 112 142 137 961 148
800 4 948 19 388 89 341 94 278 141
801 6 876 55 754 58 29 61 762 112 632 59 79 113
802 3 716 144 148 177 791 178
803 4 659 33 228 75 891 80 602 93
804 3 138 54 355 113 588 137
805 3 148 134 272 144 479 151
806 3 585 9 563 59 963 95
807 3 895 61 681 117 552 240
808 3 866 80 570 119 107 127
809 3 273 78 538 93 731 157
810 3 73 57 653 99 838 105
811 4 902 9 901 67 888 62 94 71
812 4 624 8 797 34 730 63 675 119
813 5 736 59 843 65 352 103 758 108 882 109
814 4 26 59 444 82 688 130 231 79
815 3 242 32 194 62 88 124
816 5 982 12 177 66 132 82 112 61 728 165
817 4 95 76 375 92 271 117 633 94
818 4 848 38 55 93 894 62 340 150
819 4 679 58 21 135 416 127 121 128
820 4 284 80 650 89 890 107 225 112
821 3 282 14 884 112 992 129
822 3 692 66 334 107 541 104
823 3 71 4 649 44 444 82
824 3 970 39 177 152 510 154
825 6 494 29 628 88 425 96 720 144 712 162 950 226
826 4 880 82 785 111 65 93 636 167
827 3 347 92 688 103 625 115
828 6 661 63 512 92 449 104 767 113 595 116 877 146
829 6 933 30 98 54 789 60 580 82 835 85 662 121
830 3 893 62 864 74 12 135
831 3 50 110 956 129 597 158
832 5 688 51 187 70 2 120 893 128 448 129
833 3 990 34 778 61 68 78
834 3 573 40 905 54 57 66
835 4 59 60 829 85 98 99 122 164
836 3 486 72 11 119 204 158
837 3 955 86 304 90 613 94
838 3 73 96 561 96 810 105
839 3 863 83 347 143 310 145
840 3 663 37 244 61 405 127
841 4 847 28 490 53 12 130 584 88
842 3 978 54 945 152 886 174
843 5 882 62 813 65 756 98 736 82 693 104
844 4 898 36 573 56 16 64 296 89
845 3 424 50 43 95 86 67
846 3 799 112 142 121 961 164
847 3 841 28 178 36 490 81
848 4 894 24 818 38 190 101 372 208
849 3 115 67 497 77 183 94
850 3 755 30 505 43 77 134
851 4 880 23 707 28 65 36 281 103
852 3 147 55 174 86 76 117
853 4 252 67 358 79 698 101 85 120
854 3 993 32 194 142 254 99
855 4 521 42 570 53 618 63 426 76
856 4 655 68 236 98 748 98 6 110
857 4 426 61 286 114 618 112 645 191
858 3 338 72 879 86 991 146
859 3 81 45 260 64 721 186
860 4 300 61 214 82 265 133 545 142
861 3 161 68 223 149 297 98
862 3 578 45 992 77 362 63
863 3 596 81 839 83 347 148
864 4 830 74 893 136 796 160 283 186
865 4 470 10 572 96 644 73 971 183
866 3 808 80 570 111 69 151
867 3 303 68 439 98 648 106
868 4 324 72 759 130 414 138 139 154
869 3 630 46 171 125 223 64
870 3 935 59 318 86 500 122
871 4 873 83 260 140 48 99 169 105
872 4 359 90 70 112 457 117 92 158
873 5 1 36 438 44 871 83 48 64 916 75
874 3 535 55 296 107 16 150
875 4 479 105 200 133 540 138 547 185
876 4 801 55 934 66 632 72 29 90
877 3 595 34 661 133 828 146
878 3 390 49 586 66 143 100
879 3 991 60 858 86 913 117
880 5 851 23 826 82 707 49 65 59 281 124
881 4 667 49 918 90 607 62 591 103
882 4 843 62 756 104 813 109 693 110
883 3 36 102 657 114 447 146
884 4 992 47 258 69 282 104 821 112
885 3 42 136 102 148 522 224
886 4 510 90 955 111 684 122 842 174
887 3 54 29 207 98 962 140
888 4 120 55 902 57 811 62 950 223
889 4 741 77 705 114 986 105 346 134
890 4 650 42 110 71 998 90 820 107
891 4 710 63 394 64 803 80 167 105
892 3 412 52 906 70 764 77
893 4 830 62 448 115 832 128 864 136
894 5 848 24 818 62 55 105 340 162 372 184
895 3 807 61 681 164 213 195
896 3 643 72 333 75 985 75
897 3 199 83 666 104 616 115
898 5 844 36 16 42 212 75 473 89 113 115
899 3 396 56 19 87 349 111
900 4 227 48 667 81 127 84 326 167
901 3 811 67 425 146 902 76
902 5 811 9 888 57 94 62 120 68 901 76
903 4 382 99 66 127 127 130 128 171
904 3 600 53 67 93 700 133
905 3 920 53 834 54 57 78
906 6 568 55 511 56 892 70 412 78 979 97 91 141
907 3 363 89 496 99 561 101
908 3 492 53 400 61 305 72
909 3 581 55 912 92 748 116
910 3 316 60 86 118 432 123
911 3 742 47 238 144 154 112
912 4 703 76 909 92 124 87 581 129
913 4 383 116 879 117 295 133 687 152
914 4 746 53 481 94 700 118 622 58
915 3 435 104 517 134 325 153
916 3 313 54 249 70 873 75
917 3 180 157 719 159 469 190
918 3 591 13 881 90 87 70
919 4 583 43 530 76 329 90 788 102
920 4 905 53 646 70 296 88 52 106
921 3 747 39 226 65 638 62
922 3 774 44 306 90 80 69
923 4 717 22 288 35 450 42 165 30
924 3 279 48 656 84 239 98
925 4 236 87 777 91 748 131 502 146
926 3 498 32 958 103 491 121
927 3 84 38 408 64 495 93
928 3 685 118 135 145 5 147
929 6 456 61 463 77 768 77 294 82 577 92 384 96
930 3 454 74 145 85 208 101
931 5 781 42 87 56 203 92 938 99 968 77
932 3 117 79 738 96 45 102
933 3 829 30 789 34 319 111
934 3 876 66 144 93 711 94
935 4 870 59 500 63 318 145 224 148
936 3 263 18 776 64 613 91
937 3 556 139 393 149 631 204
938 3 931 99 210 110 203 107
939 4 125 35 752 137 714 148 27 179
940 3 126 72 402 149 220 198
941 3 166 30 691 85 224 160
942 4 157 52 201 111 247 56 301 120
943 4 960 96 784 118 355 125 612 123
944 3 620 138 593 185 742 239
945 5 35 38 978 100 608 134 626 144 842 152
946 3 124 49 624 80 986 83
947 3 219 36 230 133 410 70
948 4 800 19 278 124 388 106 341 111
949 3 476 66 749 93 714 122
950 3 712 104 888 223 825 226
951 4 504 28 356 60 972 79 678 96
952 3 328 31 103 143 480 178
953 3 715 64 439 122 699 76
954 3 706 46 514 106 259 83
955 3 837 86 886 111 304 156
956 3 50 53 374 103 831 129
957 3 414 92 279 157 759 196
958 6 491 80 498 95 395 133 926 103 100 117 20 134
959 4 135 90 366 120 575 169 170 173
960 4 37 73 612 81 943 96 726 148
961 4 153 103 101 144 799 148 846 164
962 5 168 85 86 124 207 134 54 139 887 140
963 4 255 90 563 90 348 121 806 95
964 4 299 63 40 96 246 104 685 136
965 3 159 88 597 103 717 121
966 3 695 28 485 82 121 175
967 4 513 35 795 135 599 123 317 146
968 4 781 37 931 77 87 89 357 145
969 3 323 44 560 45 524 94
970 3 824 39 177 157 510 159
971 3 14 58 264 143 865 183
972 4 504 51 951 79 678 97 975 145
973 4 566 98 400 126 468 130 119 165
974 4 128 36 326 138 66 72 689 203
975 3 433 114 775 130 972 145
976 3 660 114 474 124 229 157
977 5 96 89 15 115 623 118 419 124 987 137
978 3 842 54 945 100 35 130
979 3 764 34 713 53 906 97
980 5 509 39 496 85 376 103 772 47 240 126
981 4 537 110 574 110 75 112 344 195
982 5 816 12 112 49 177 74 132 94 728 177
983 3 268 100 320 117 997 165
984 3 785 6 351 85 111 107
985 3 896 75 643 109 333 150
986 6 703 33 946 83 741 84 124 94 889 105 565 146
987 3 419 73 518 98 977 137
988 3 269 47 598 53 743 57
989 3 337 27 501 54 515 88
990 4 833 34 58 133 267 87 778 95
991 3 879 60 858 146 383 153
992 5 884 47 862 77 578 98 282 115 821 129
993 3 854 32 254 67 280 136
994 3 30 103 217 137 445 171
995 3 643 137 342 163 348 164
996 3 205 29 370 101 564 109
997 4 3 148 983 165 381 185 320 190
998 3 110 63 890 90 650 108
999 3 159 42 614 61 717 57

0 801 489
1 694 277
2 992 43
3 894 338
4 394 451
5 998 541
6 732 67
7 581 617
8 523 786
9 548 367
10 382 668
11 346 205
12 431 849
13 865 824
14 887 318
15 24 688
16 807 71
17 965 800
18 114 212
19 490 860
20 663 841
21 402 747
22 908 983
23 365 784
24 121 913
25 151 855
26 933 850
27 61 716
28 51 926
29 541 938
30 244 917
31 978 403
32 988 296
33 555 455
34 508 398
35 315 171
36 239 69
37 918 499
38 404 283
39 283 526
40 549 787
41 381 834
42 637 442
43 903 40
44 720 796
45 331 316
46 65 309
47 720 406
48 605 627
49 861 113
50 25 528
51 284 616
52 598 203
53 116 354
54 838 751
55 880 387
56 538 262
57 574 527
58 56 477
59 568 129
60 625 899
61 445 690
62 208 517
63 96 166
64 145 309
65 279 522
66 838 564
67 139 788
68 119 255
69 142 957
70 358 23
71 697 897
72 637 623
73 776 45
74 452 344
75 526 77
76 595 972
77 119 156
78 841 216
79 322 338
80 525 601
81 861 715
82 517 0
83 503 988
84 607 646
85 946 965
86 21 995
87 214 10
88 970 991
89 407 422
90 687 934
91 851 283
92 258 970
93 791 99
94 186 113
95 438 64
96 66 651
97 779 936
98 3 283
99 924 610
100 281 222
101 927 654
102 569 142
103 16 539
104 133 423
105 961 820
106 357 164
107 455 967
108 135 246
109 419 673
110 711 209
111 737 778
112 860 517
113 66 863
114 152 990
115 825 433
116 213 752
117 87 134
118 894 455
119 674 379
120 878 987
121 552 588
122 152 7
123 555 639
124 254 974
125 312 965
126 183 50
127 95 395
128 919 161
129 258 71
130 504 435
131 856 717
132 188 295
133 203 434
134 750 877
135 814 628
136 217 366
137 568 369
138 373 476
139 360 979
140 450 672
141 297 986
142 722 392
143 733 993
144 906 344
145 64 410
146 779 920
147 479 319
148 215 682
149 754 965
150 912 920
151 946 129
152 286 514
153 850 11
154 990 210
155 343 793
156 882 640
157 131 957
158 384 864
159 950 290
160 208 15
161 52 340
162 287 531
163 659 503
164 566 413
165 820 478
166 333 766
167 959 971
168 633 809
169 335 623
170 19 678
171 768 253
172 670 899
173 210 54
174 764 513
175 697 324
176 880 101
177 664 167
178 633 324
179 22 551
180 89 195
181 29 423
182 313 988
183 746 946
184 149 81
185 922 168
186 759 690
187 773 429
188 590 984
189 836 706
190 849 885
191 382 729
192 986 47
193 248 971
194 723 271
195 522 812
196 466 903
197 587 779
198 243 334
199 78 392
200 415 0
201 912 527
202 690 686
203 308 632
204 22 144
205 338 871
206 381 721
207 952 368
208 120 200
209 339 843
210 471 214
211 7 289
212 117 947
213 421 361
214 281 499
215 753 48
216 499 18
217 927 189
218 704 236
219 822 726
220 732 512
221 949 114
222 585 901
223 482 705
224 101 173
225 548 925
226 387 908
227 214 505
228 855 635
229 218 488
230 486 323
231 536 985
232 341 464
233 527 45
234 52 701
235 123 784
236 213 424
237 898 799
238 325 732
239 504 779
240 906 405
241 704 293
242 665 270
243 150 520
244 258 368
245 8 744
246 692 896
247 82 385
248 712 609
249 431 764
250 310 906
251 901 875
252 331 151
253 674 8
254 884 531
255 787 142
256 288 843
257 787 953
258 466 290
259 473 724
260 658 833
261 820 702
262 81 902
263 440 794
264 511 223
265 910 173
266 129 811
267 49 812
268 963 75
269 821 199
270 606 960
271 693 246
272 804 480
273 199 270
274 770 24
275 346 781
276 209 166
277 835 291
278 421 627
279 85 932
280 850 995
281 458 980
282 159 859
283 144 474
284 934 965
285 25 893
286 926 718
287 139 82
288 550 691
289 704 673
290 715 50
291 806 925
292 568 993
293 568 989
294 621 653
295 274 471
296 0 732
297 803 511
298 591 948
299 985 877
300 265 362
301 770 543
302 80 262
303 625 983
304 953 681
305 656 668
306 731 814
307 945 300
308 807 513
309 289 428
310 518 563
311 252 871
312 647 55
313 382 590
314 355 720
315 468 621
316 82 238
317 164 515
318 500 142
319 498 453
320 823 506
321 474 907
322 320 771
323 559 479
324 637 200
325 908 507
326 116 512
327 730 763
328 919 465
329 354 275
330 185 174
331 248 619
332 412 764
333 134 265
334 906 984
335 70 82
336 490 896
337 341 162
338 20 900
339 642 657
340 100 902
341 516 216
342 414 247
343 332 333
344 712 38
345 960 249
346 212 560
347 868 976
348 325 355
349 241 583
350 339 664
351 665 182
352 560 358
353 696 580
354 258 338
355 589 711
356 240 106
357 927 6
358 705 611
359 692 417
360 649 4
361 666 213
362 565 886
363 190 890
364 241 431
365 473 933
366 95 491
367 467 8
368 849 163
369 588 460
370 502 530
371 171 94
372 636 98
373 101 341
374 62 145
375 110 711
376 149 128
377 277 714
378 14 467
379 604 608
380 898 430
381 541 346
382 921 360
383 706 122
384 523 646
385 582 377
386 176 753
387 824 164
388 204 925
389 857 266
390 70 967
391 329 219
392 95 606
393 286 110
394 73 890
395 718 324
396 320 611
397 22 593
398 971 80
399 68 846
